level_1
start_point(7,7)
answer_point[4][3],answer_point[4][4],answer_point[4][5]
int map[10][10]={{4,4,4,4,4,4,4,4,4,4},{4,4,4,4,4,4,4,4,4,4},{4,4,1,1,1,1,1,4,4,4},{4,4,1,0,0,0,1,4,4,4},{4,4,1,3,3,3,1,4,4,4},{4,4,1,2,2,2,1,1,4,4},{4,4,1,0,0,0,0,1,4,4},{4,4,1,0,0,0,0,1,4,4},{4,4,1,1,1,1,1,1,4,4},{4,4,4,4,4,4,4,4,4,4}};
level_2
start_point(4,7)
answer_point[1][3],answer_point[2][3],answer_point[3][3]
int map[10][10]={{4,4,4,4,4,4,4,4,4,4},{4,4,1,1,1,1,1,4,4,4},{4,4,1,3,0,1,1,4,4,4},{4,4,1,3,0,0,1,4,4,4},{4,4,1,3,0,2,1,4,4,4},{4,4,1,1,2,0,1,1,1,4},{4,4,4,1,0,2,0,0,1,4},{4,4,4,1,0,0,0,0,1,4},{4,4,4,1,0,0,1,1,1,4},{4,4,4,1,1,1,1,4,4,4}};
level_3
start_point(7,10)
answer_point[4][2],answer_point[5][3],answer_point[6][2]
int map[10][10]={{4,4,4,4,4,4,4,4,4,4},{4,4,4,4,4,4,4,4,4,4},{4,4,4,4,4,4,4,4,4,4},{4,1,1,1,1,1,1,1,1,4},{4,1,3,0,0,0,0,0,1,4},{4,1,0,3,2,2,2,0,1,4},{4,1,3,0,0,0,0,0,1,4},{4,1,1,1,1,1,0,0,1,4},{4,4,4,4,4,1,1,1,1,4},{4,4,4,4,4,4,4,4,4,4}};
level_4
start_point(8,7)
answer_point[3][3],answer_point[3][5],answer_point[4][4],answer_point[5][3],answer_point[5][5],answer_point[6][4]
int map[10][10]={{4,4,4,4,4,4,4,4,4,4},{4,1,1,1,1,1,1,1,4,4},{4,1,0,0,0,0,0,1,4,4},{4,1,0,3,2,3,0,1,4,4},{4,1,0,2,3,2,0,1,4,4},{4,1,0,3,2,3,0,1,4,4},{4,1,0,2,3,2,0,1,4,4},{4,1,0,0,0,0,0,1,4,4},{4,1,1,1,1,1,1,1,4,4},{4,4,4,4,4,4,4,4,4,4}};
level_5
start_point(7,9)
answer_point[6][1],answer_point[6][3],answer_point[8][3]
int map[10][10]={{4,4,4,4,4,4,4,4,4,4},{4,4,4,4,4,4,4,4,4,4},{4,1,1,1,1,4,4,4,4,4},{4,1,0,0,1,1,1,1,4,4},{4,1,0,0,0,0,0,1,1,4},{1,1,0,1,1,0,0,0,1,4},{1,3,0,3,1,0,0,2,1,1},{1,0,0,0,1,0,2,2,0,1},{1,0,0,3,1,0,0,0,0,1},{1,1,1,1,1,1,1,1,1,1}};

